mario_rossi = 45.000000;
john_doe = 1500.000000;
hhhh = 50.000000;
