se4t = 3.000000;
prova = 4.000000;
nexus = 250000.000000;
extreme = 1000.000000;
sample = 6.000000;
var3 = 200.000000;
var2 = 0;
var1 = 2.000000;
se5t = 300.000000;
